initial_pose_x: 0.010402
initial_pose_y: -0.000753
initial_pose_a: -0.056966

